length=[10896.7, 6702;
10893.8, 6785;
10890.4, 6968;
10889.3, 7459;
10889, 7926;
10888.9, 8098;
8830.77, 18755;
8828.99, 18917;
8827.14, 19049;
8827.03, 19321;
8826.39, 20050;
8419.66, 30629;
8419.06, 30769;
8418.38, 31179;
8417.85, 31252;
8417.59, 31498;
8416.59, 31838;
8416.26, 32024;
8415.92, 33970;
7884.19, 42385;
7884.09, 42643;
7883.64, 43022;
7883.37, 43148;
7822.06, 67455;
7821.31, 67574;
7821.08, 67689;
7821.07, 67738;
7820.16, 67892;
7820.14, 68154;
7819.91, 68365;
7819.69, 68774;
7818.62, 68926;
7616.53, 78417;
7616.26, 78617;
7610.76, 80040;
7610.53, 80156;
7610.03, 80633;
7609.96, 81828;
7498.38, 90365;
7498.26, 90623;
7498.11, 92042;
7465.86, 102949;
7457.59, 103715;
7454.31, 103898;
7454.03, 104754;
7453.74, 104934;
7192.27, 115000;
7192.17, 115075;
7192.09, 115962;
7191.92, 116747;
7191.82, 117627;
7190.52, 117712;
7190.41, 117899;
6936.55, 126972;
6934.96, 127127;
6932.83, 127364;
6932.07, 127635;
6622.55, 138739;
6621.85, 139225;
6621.78, 139613;
6621.61, 139694;
6621.24, 142410;
6620.4, 142975;
6617.32, 143598;
6083.93, 150794;
6082.21, 151401;
6018.02, 162654;
5411.01, 174284;
5076.76, 186094;
4687.86, 197864;
4619, 220073;
4477.95, 229593;
4424.95, 251013;
4314.47, 284201;
4219.92, 312664;
4140.02, 333827;
];
timeEval = 337237;
timeLKH = 255470;
timeRRTs = 49;
timeDistEval = 40911;
timeDBS = 28812;
