length=[9609.81, 162180;
9608.9, 163971;
9608.51, 164494;
9607.77, 165156;
8462.43, 324203;
8461.16, 325965;
7788.69, 483990;
7786.78, 485172;
7498.84, 642634;
7487.67, 643980;
];
timeEval = 1635675;
timeLKH = 1361063;
timeRRTs = 102;
timeDistEval = 180579;
timeDBS = 48143;
