inspectionPath = [300, 300, 200, 0, 0, 0;
361.665, 366.017, 200, 0, 0, 2.65841;
361.665, 366.017, 200, 0, 0, 2.65841;
391.921, 469.362, 200, 0, 0, -0.541593;
391.921, 469.362, 200, 0, 0, -0.541593;
388.41, 542.447, 200, 0, 0, 3.05841;
388.41, 542.447, 200, 0, 0, 3.05841;
399.242, 648.205, 200.001, 0, 0, -2.94159;
399.242, 648.205, 200.001, 0, 0, -2.94159;
449.806, 595.994, 200, 0, 0, -1.94159;
449.806, 595.994, 200, 0, 0, -1.94159;
506.378, 572.202, 200, 0, 0, -2.34159;
506.378, 572.202, 200, 0, 0, -2.34159;
547.975, 550.78, 200, 0, 0, 2.85841;
547.975, 550.78, 200, 0, 0, 2.85841;
579.367, 539.73, 200, 0, 0, -2.14159;
579.367, 539.73, 200, 0, 0, -2.14159;
602.746, 534.979, 200, 0, 0, 0.658407;
602.746, 534.979, 200, 0, 0, 0.658407;
621.757, 533.119, 200, 0, 0, 3.14159;
621.757, 533.119, 200, 0, 0, 3.14159;
636.933, 528.012, 200, 0, 0, -1.54159;
636.933, 528.012, 200, 0, 0, -1.54159;
657.148, 531.997, 200.001, 0, 0, -2.14159;
657.148, 531.997, 200.001, 0, 0, -2.14159;
654.496, 555.128, 200.001, 0, 0, -1.34159;
654.496, 555.128, 200.001, 0, 0, -1.34159;
658.047, 585.285, 200, 0, 0, -2.94159;
658.047, 585.285, 200, 0, 0, -2.94159;
663.624, 609.516, 200, 0, 0, -2.74159;
663.624, 609.516, 200, 0, 0, -2.74159;
675.222, 631.992, 200, 0, 0, -0.341593;
675.222, 631.992, 200, 0, 0, -0.341593;
690.851, 654.569, 200, 0, 0, -2.14159;
690.851, 654.569, 200, 0, 0, -2.14159;
708.105, 678.779, 200.001, 0, 0, -1.14159;
708.105, 678.779, 200.001, 0, 0, -1.14159;
700.213, 692.449, 200.001, 0, 0, 0.0584073;
700.213, 692.449, 200.001, 0, 0, 0.0584073;
681.012, 704.943, 200, 0, 0, -0.541593;
681.012, 704.943, 200, 0, 0, -0.541593;
659.187, 721.221, 199.999, 0, 0, 3.14159;
659.187, 721.221, 199.999, 0, 0, 3.14159;
630.495, 748.8, 200, 0, 0, -0.741593;
630.495, 748.8, 200, 0, 0, -0.741593;
600.002, 779.424, 200.001, 0, 0, -1.74159;
600.002, 779.424, 200.001, 0, 0, -1.74159;
673.605, 777.009, 200.001, 0, 0, -2.14159;
673.605, 777.009, 200.001, 0, 0, -2.14159;
661.93, 824.162, 200, 0, 0, -0.341593;
661.93, 824.162, 200, 0, 0, -0.341593;
649.182, 872.268, 199.999, 0, 0, -2.14159;
649.182, 872.268, 199.999, 0, 0, -2.14159;
627.599, 909.857, 200, 0, 0, -1.74159;
627.599, 909.857, 200, 0, 0, -1.74159;
603.868, 949.057, 200, 0, 0, -2.54159;
603.868, 949.057, 200, 0, 0, -2.54159;
578.531, 989.815, 200.001, 0, 0, -2.34159;
578.531, 989.815, 200.001, 0, 0, -2.34159;
579.666, 1047.31, 200.001, 0, 0, -0.341593;
579.666, 1047.31, 200.001, 0, 0, -0.341593;
552.633, 1121.17, 200, 0, 0, -2.74159;
552.633, 1121.17, 200, 0, 0, -2.74159;
524.684, 1194.81, 200, 0, 0, -2.34159;
524.684, 1194.81, 200, 0, 0, -2.34159;
509.22, 1212.44, 200.001, 0, 0, -1.74159;
509.22, 1212.44, 200.001, 0, 0, -1.74159;
488.977, 1278.88, 200, 0, 0, -0.141593;
488.977, 1278.88, 200, 0, 0, -0.141593;
461.114, 1348.66, 200, 0, 0, -1.94159;
461.114, 1348.66, 200, 0, 0, -1.94159;
423.188, 1424.49, 200, 0, 0, -2.94159;
423.188, 1424.49, 200, 0, 0, -2.94159;
374.298, 1507.79, 200, 0, 0, -1.94159;
374.298, 1507.79, 200, 0, 0, -1.94159;
317.461, 1597.39, 199.999, 0, 0, -2.54159;
317.461, 1597.39, 199.999, 0, 0, -2.54159;
252.795, 1693.59, 200.001, 0, 0, 2.85841;
252.795, 1693.59, 200.001, 0, 0, 2.85841;
344.762, 1706.34, 200, 0, 0, -2.94159;
344.762, 1706.34, 200, 0, 0, -2.94159;
439.555, 1728.96, 200, 0, 0, 2.45841;
439.555, 1728.96, 200, 0, 0, 2.45841;
536.836, 1760.86, 199.999, 0, 0, -2.74159;
536.836, 1760.86, 199.999, 0, 0, -2.74159;
578.724, 1818.65, 200.001, 0, 0, 3.14159;
578.724, 1818.65, 200.001, 0, 0, 3.14159;
625.878, 1818.65, 200.001, 0, 0, 2.05841;
625.878, 1818.65, 200.001, 0, 0, 2.05841;
679.904, 1818.65, 200.001, 0, 0, 1.45841;
679.904, 1818.65, 200.001, 0, 0, 1.45841;
739.741, 1818.65, 200.001, 0, 0, 3.05841;
739.741, 1818.65, 200.001, 0, 0, 3.05841;
803.024, 1818.65, 200.001, 0, 0, 1.25841;
803.024, 1818.65, 200.001, 0, 0, 1.25841;
867.713, 1811.42, 200.001, 0, 0, 0.858407;
867.713, 1811.42, 200.001, 0, 0, 0.858407;
931.152, 1808, 200.001, 0, 0, 1.45841;
931.152, 1808, 200.001, 0, 0, 1.45841;
895.856, 1756.15, 200.001, 0, 0, 0.858407;
895.856, 1756.15, 200.001, 0, 0, 0.858407;
858.417, 1713.24, 200.001, 0, 0, 0.858407;
858.417, 1713.24, 200.001, 0, 0, 0.858407;
820.848, 1679.52, 200.001, 0, 0, 1.85841;
820.848, 1679.52, 200.001, 0, 0, 1.85841;
784.735, 1653.49, 200.001, 0, 0, 0.658407;
784.735, 1653.49, 200.001, 0, 0, 0.658407;
750.522, 1632.86, 200.001, 0, 0, 1.65841;
750.522, 1632.86, 200.001, 0, 0, 1.65841;
717.278, 1615.52, 200.001, 0, 0, -1.74159;
717.278, 1615.52, 200.001, 0, 0, -1.74159;
697.995, 1608.47, 200.001, 0, 0, 0.658407;
697.995, 1608.47, 200.001, 0, 0, 0.658407;
676.235, 1602.15, 200.001, 0, 0, 1.85841;
676.235, 1602.15, 200.001, 0, 0, 1.85841;
651.456, 1580.82, 200.001, 0, 0, 0.658407;
651.456, 1580.82, 200.001, 0, 0, 0.658407;
624.619, 1559.5, 200.001, 0, 0, 2.05841;
624.619, 1559.5, 200.001, 0, 0, 2.05841;
641.02, 1543.94, 200.001, 0, 0, 2.45841;
641.02, 1543.94, 200.001, 0, 0, 2.45841;
656.995, 1527.67, 200.001, 0, 0, 2.45841;
656.995, 1527.67, 200.001, 0, 0, 2.45841;
683.563, 1503.8, 200, 0, 0, -1.94159;
683.563, 1503.8, 200, 0, 0, -1.94159;
708.19, 1479.76, 200, 0, 0, 1.25841;
708.19, 1479.76, 200, 0, 0, 1.25841;
730.18, 1456.71, 200, 0, 0, 2.45841;
730.18, 1456.71, 200, 0, 0, 2.45841;
749.55, 1435.66, 200, 0, 0, 0.658407;
749.55, 1435.66, 200, 0, 0, 0.658407;
766.969, 1417.05, 200, 0, 0, 2.25841;
766.969, 1417.05, 200, 0, 0, 2.25841;
784.612, 1402.28, 200.001, 0, 0, 1.25841;
784.612, 1402.28, 200.001, 0, 0, 1.25841;
801.934, 1389.15, 200.001, 0, 0, 2.45841;
801.934, 1389.15, 200.001, 0, 0, 2.45841;
822.424, 1381.17, 200.001, 0, 0, 2.65841;
822.424, 1381.17, 200.001, 0, 0, 2.65841;
861.231, 1376.38, 200, 0, 0, 3.14159;
861.231, 1376.38, 200, 0, 0, 3.14159;
901.28, 1373.58, 200, 0, 0, -1.54159;
901.28, 1373.58, 200, 0, 0, -1.54159;
937.719, 1364.36, 200.001, 0, 0, 2.45841;
937.719, 1364.36, 200.001, 0, 0, 2.45841;
989.025, 1311.32, 200, 0, 0, 2.85841;
989.025, 1311.32, 200, 0, 0, 2.85841;
1007.35, 1255.33, 200, 0, 0, 1.45841;
1007.35, 1255.33, 200, 0, 0, 1.45841;
997.894, 1203.44, 200, 0, 0, 0.858407;
997.894, 1203.44, 200, 0, 0, 0.858407;
968.852, 1168.62, 200, 0, 0, 0.858407;
968.852, 1168.62, 200, 0, 0, 0.858407;
945.342, 1136.66, 200, 0, 0, -0.141593;
945.342, 1136.66, 200, 0, 0, -0.141593;
925.233, 1104.04, 200, 0, 0, 2.85841;
925.233, 1104.04, 200, 0, 0, 2.85841;
907.021, 1070.37, 200.001, 0, 0, 2.05841;
907.021, 1070.37, 200.001, 0, 0, 2.05841;
894.761, 1035.02, 200, 0, 0, 1.25841;
894.761, 1035.02, 200, 0, 0, 1.25841;
885.826, 994.488, 200, 0, 0, 1.25841;
885.826, 994.488, 200, 0, 0, 1.25841;
881.419, 949.591, 200, 0, 0, -0.141593;
881.419, 949.591, 200, 0, 0, -0.141593;
881.287, 905.26, 200, 0, 0, 1.65841;
881.287, 905.26, 200, 0, 0, 1.65841;
885.947, 866.019, 200, 0, 0, 2.05841;
885.947, 866.019, 200, 0, 0, 2.05841;
894.209, 831.418, 200, 0, 0, -0.341593;
894.209, 831.418, 200, 0, 0, -0.341593;
905.478, 796.098, 200, 0, 0, 1.25841;
905.478, 796.098, 200, 0, 0, 1.25841;
918.252, 754.918, 200, 0, 0, 1.85841;
918.252, 754.918, 200, 0, 0, 1.85841;
933.05, 707.126, 200, 0, 0, 2.05841;
933.05, 707.126, 200, 0, 0, 2.05841;
951.037, 653.621, 200, 0, 0, 1.05841;
951.037, 653.621, 200, 0, 0, 1.05841;
974.437, 595.723, 200, 0, 0, -2.14159;
974.437, 595.723, 200, 0, 0, -2.14159;
1004.74, 534.011, 200, 0, 0, 0.858407;
1004.74, 534.011, 200, 0, 0, 0.858407;
1039.62, 465.796, 200, 0, 0, -2.54159;
1039.62, 465.796, 200, 0, 0, -2.54159;
1074.67, 389.14, 200.001, 0, 0, -0.141593;
1074.67, 389.14, 200.001, 0, 0, -0.141593;
984.727, 371.262, 200.001, 0, 0, 0.258407;
984.727, 371.262, 200.001, 0, 0, 0.258407;
893.329, 346.411, 200.001, 0, 0, -0.941593;
893.329, 346.411, 200.001, 0, 0, -0.941593;
803.709, 332.6, 200, 0, 0, -1.34159;
803.709, 332.6, 200, 0, 0, -1.34159;
717.892, 321.324, 200, 0, 0, 0.0584073;
717.892, 321.324, 200, 0, 0, 0.0584073;
631.498, 317.143, 200, 0, 0, -1.54159;
631.498, 317.143, 200, 0, 0, -1.54159;
547.586, 315.54, 200, 0, 0, -1.74159;
